0 100 5 0 0 0 
1 96.8958 6.72546 0 1.34509 0.0336273 
2 92.9843 8.82735 0 3.11056 0.077764 
3 88.2482 11.256 0 5.36176 0.134044 
4 82.7618 13.8941 0 8.14058 0.203515 
5 76.6956 16.5645 0 11.4535 0.286337 
6 70.2923 19.0604 0 15.2656 0.381639 
7 63.8234 21.1862 0 19.5028 0.487571 
8 57.5413 22.7952 0 24.0619 0.601547 
9 51.6452 23.8103 0 28.8239 0.720598 
10 46.2652 24.2243 0 33.6688 0.84172 
11 41.4653 24.0865 0 38.4861 0.962152 
12 37.2561 23.4819 0 43.1825 1.07956 
13 33.6116 22.5115 0 47.6848 1.19212 
14 30.4843 21.277 0 51.9402 1.2985 
15 27.8166 19.8711 0 55.9144 1.39786 
16 25.5493 18.3722 0 59.5888 1.48972 
17 23.6255 16.8431 0 62.9574 1.57394 
18 21.9942 15.3315 0 66.0237 1.65059 
19 20.6101 13.8719 0 68.7981 1.71995 
20 19.4344 12.4875 0 71.2956 1.78239 
21 18.4344 11.193 0 73.5342 1.83836 
22 17.5821 9.99608 0 75.5334 1.88834 
23 16.8545 8.89936 0 77.3133 1.93283 
24 16.232 7.90194 0 78.8937 1.97234 
25 15.6985 7.00037 0 80.2938 2.00734 
26 15.2404 6.1896 0 81.5317 2.03829 
27 14.8464 5.46358 0 82.6244 2.06561 
28 14.507 4.81577 0 83.5876 2.08969 
29 14.2141 4.23952 0 84.4355 2.11089 
30 13.9611 3.72822 0 85.1811 2.12953 
31 13.7423 3.27556 0 85.8362 2.14591 
32 13.5528 2.87555 0 86.4113 2.16028 
33 13.3886 2.52264 0 86.9159 2.1729 
34 13.2461 2.21171 0 87.3582 2.18396 
35 13.1224 1.93809 0 87.7458 2.19365 
36 13.015 1.69755 0 88.0853 2.20213 
37 12.9216 1.48628 0 88.3826 2.20956 
38 12.8403 1.30086 0 88.6428 2.21607 
39 12.7696 1.13823 0 88.8704 2.22176 
40 12.708 0.995678 0 89.0696 2.22674 
41 12.6544 0.87078 0 89.2437 2.23109 
42 12.6077 0.761399 0 89.396 2.2349 
43 12.567 0.665644 0 89.5291 2.23823 
44 12.5315 0.581844 0 89.6455 2.24114 
45 12.5006 0.508528 0 89.7472 2.24368 
46 12.4736 0.444399 0 89.8361 2.2459 
47 12.4501 0.388319 0 89.9137 2.24784 
48 12.4296 0.339287 0 89.9816 2.24954 
49 12.4117 0.296424 0 90.0409 2.25102 
50 12.3961 0.258958 0 90.0927 2.25232 
51 12.3824 0.226215 0 90.1379 2.25345 
52 12.3705 0.197602 0 90.1774 2.25444 
53 12.3601 0.172601 0 90.212 2.2553 
54 12.3511 0.150757 0 90.2421 2.25605 
55 12.3432 0.131674 0 90.2684 2.25671 
56 12.3363 0.115002 0 90.2914 2.25729 
57 12.3302 0.100439 0 90.3115 2.25779 
58 12.325 0.0877183 0 90.3291 2.25823 
59 12.3204 0.0766071 0 90.3444 2.25861 
60 12.3164 0.0669022 0 90.3578 2.25894 
61 12.3129 0.0584259 0 90.3695 2.25924 
62 12.3098 0.0510228 0 90.3797 2.25949 
63 12.3072 0.0445573 0 90.3886 2.25971 
64 12.3048 0.0389107 0 90.3964 2.25991 
65 12.3028 0.0339794 0 90.4032 2.26008 
66 12.301 0.0296728 0 90.4091 2.26023 
67 12.2995 0.0259119 0 90.4143 2.26036 
68 12.2981 0.0226275 0 90.4188 2.26047 
69 12.2969 0.0197594 0 90.4227 2.26057 
70 12.2959 0.0172547 0 90.4262 2.26065 
71 12.295 0.0150674 0 90.4292 2.26073 
72 12.2942 0.0131574 0 90.4318 2.2608 
73 12.2935 0.0114895 0 90.4341 2.26085 
74 12.2929 0.0100329 0 90.4361 2.2609 
75 12.2924 0.00876103 0 90.4379 2.26095 
76 12.2919 0.00765036 0 90.4394 2.26099 
77 12.2915 0.00668048 0 90.4408 2.26102 
78 12.2912 0.00583355 0 90.4419 2.26105 
79 12.2909 0.00509399 0 90.4429 2.26107 
80 12.2906 0.00444818 0 90.4438 2.2611 
81 12.2904 0.00388424 0 90.4446 2.26112 
82 12.2902 0.00339179 0 90.4453 2.26113 
83 12.29 0.00296178 0 90.4459 2.26115 
84 12.2898 0.00258628 0 90.4464 2.26116 
85 12.2897 0.00225839 0 90.4469 2.26117 
86 12.2896 0.00197207 0 90.4472 2.26118 
87 12.2895 0.00172205 0 90.4476 2.26119 
88 12.2894 0.00150372 0 90.4479 2.2612 
89 12.2893 0.00131308 0 90.4482 2.2612 
90 12.2893 0.0011466 0 90.4484 2.26121 
91 12.2892 0.00100123 0 90.4486 2.26121 
92 12.2891 0.000874294 0 90.4488 2.26122 
93 12.2891 0.000763448 0 90.4489 2.26122 
94 12.2891 0.000666655 0 90.449 2.26123 
95 12.289 0.000582135 0 90.4492 2.26123 
96 12.289 0.000508329 0 90.4493 2.26123 
97 12.289 0.000443877 0 90.4494 2.26123 
98 12.2889 0.000387596 0 90.4494 2.26124 
99 12.2889 0.000338452 0 90.4495 2.26124 
