0 0.01 0.25 0.5
1 0.00999001 0.24999 0.49999
2 0.00998006 0.24998 0.49998
3 0.00997013 0.24997 0.49997
4 0.00996024 0.24996 0.49996
5 0.00995037 0.24995 0.49995
6 0.00994053 0.249941 0.499941
7 0.00993073 0.249931 0.499931
8 0.00992095 0.249921 0.499921
9 0.0099112 0.249911 0.499911
10 0.00990147 0.249901 0.499901
11 0.00989178 0.249892 0.499892
12 0.00988212 0.249882 0.499882
13 0.00987248 0.249872 0.499872
14 0.00986287 0.249863 0.499863
15 0.00985329 0.249853 0.499853
16 0.00984374 0.249844 0.499844
17 0.00983421 0.249834 0.499834
18 0.00982472 0.249825 0.499825
19 0.00981525 0.249815 0.499815
20 0.0098058 0.249806 0.499806
21 0.00979639 0.249796 0.499796
22 0.009787 0.249787 0.499787
23 0.00977764 0.249778 0.499778
24 0.00976831 0.249768 0.499768
25 0.009759 0.249759 0.499759
26 0.00974972 0.24975 0.49975
27 0.00974046 0.24974 0.49974
28 0.00973123 0.249731 0.499731
29 0.00972203 0.249722 0.499722
30 0.00971285 0.249713 0.499713
31 0.0097037 0.249704 0.499704
32 0.00969458 0.249695 0.499695
33 0.00968548 0.249685 0.499685
34 0.00967641 0.249676 0.499676
35 0.00966736 0.249667 0.499667
36 0.00965834 0.249658 0.499658
37 0.00964934 0.249649 0.499649
38 0.00964037 0.24964 0.49964
39 0.00963142 0.249631 0.499631
40 0.0096225 0.249622 0.499622
41 0.0096136 0.249614 0.499614
42 0.00960473 0.249605 0.499605
43 0.00959588 0.249596 0.499596
44 0.00958706 0.249587 0.499587
45 0.00957826 0.249578 0.499578
46 0.00956948 0.249569 0.499569
47 0.00956073 0.249561 0.499561
48 0.009552 0.249552 0.499552
49 0.0095433 0.249543 0.499543
50 0.00953462 0.249535 0.499535
51 0.00952596 0.249526 0.499526
52 0.00951733 0.249517 0.499517
53 0.00950872 0.249509 0.499509
54 0.00950014 0.2495 0.4995
55 0.00949157 0.249492 0.499492
56 0.00948303 0.249483 0.499483
57 0.00947452 0.249475 0.499475
58 0.00946602 0.249466 0.499466
59 0.00945755 0.249458 0.499458
60 0.0094491 0.249449 0.499449
61 0.00944068 0.249441 0.499441
62 0.00943228 0.249432 0.499432
63 0.0094239 0.249424 0.499424
64 0.00941554 0.249416 0.499416
65 0.0094072 0.249407 0.499407
66 0.00939889 0.249399 0.499399
67 0.0093906 0.249391 0.499391
68 0.00938232 0.249382 0.499382
69 0.00937408 0.249374 0.499374
70 0.00936585 0.249366 0.499366
71 0.00935765 0.249358 0.499358
72 0.00934946 0.249349 0.499349
73 0.0093413 0.249341 0.499341
74 0.00933316 0.249333 0.499333
75 0.00932504 0.249325 0.499325
76 0.00931694 0.249317 0.499317
77 0.00930886 0.249309 0.499309
78 0.00930081 0.249301 0.499301
79 0.00929277 0.249293 0.499293
80 0.00928476 0.249285 0.499285
81 0.00927676 0.249277 0.499277
82 0.00926879 0.249269 0.499269
83 0.00926084 0.249261 0.499261
84 0.00925291 0.249253 0.499253
85 0.00924499 0.249245 0.499245
86 0.0092371 0.249237 0.499237
87 0.00922923 0.249229 0.499229
88 0.00922138 0.249221 0.499221
89 0.00921355 0.249214 0.499214
90 0.00920574 0.249206 0.499206
91 0.00919794 0.249198 0.499198
92 0.00919017 0.24919 0.49919
93 0.00918242 0.249182 0.499182
94 0.00917469 0.249175 0.499175
95 0.00916697 0.249167 0.499167
96 0.00915928 0.249159 0.499159
97 0.00915161 0.249152 0.499152
98 0.00914395 0.249144 0.499144
99 0.00913632 0.249136 0.499136
100 0.0091287 0.249129 0.499129
101 0.0091211 0.249121 0.499121
102 0.00911352 0.249114 0.499114
103 0.00910596 0.249106 0.499106
104 0.00909842 0.249098 0.499098
105 0.0090909 0.249091 0.499091
106 0.00908339 0.249083 0.499083
107 0.00907591 0.249076 0.499076
108 0.00906844 0.249068 0.499068
109 0.00906099 0.249061 0.499061
110 0.00905356 0.249054 0.499054
111 0.00904615 0.249046 0.499046
112 0.00903876 0.249039 0.499039
113 0.00903138 0.249031 0.499031
114 0.00902402 0.249024 0.499024
115 0.00901668 0.249017 0.499017
116 0.00900936 0.249009 0.499009
117 0.00900206 0.249002 0.499002
118 0.00899477 0.248995 0.498995
119 0.0089875 0.248988 0.498988
120 0.00898025 0.24898 0.49898
121 0.00897302 0.248973 0.498973
122 0.0089658 0.248966 0.498966
123 0.00895861 0.248959 0.498959
124 0.00895142 0.248951 0.498951
125 0.00894426 0.248944 0.498944
126 0.00893711 0.248937 0.498937
127 0.00892998 0.24893 0.49893
128 0.00892287 0.248923 0.498923
129 0.00891577 0.248916 0.498916
130 0.0089087 0.248909 0.498909
131 0.00890163 0.248902 0.498902
132 0.00889459 0.248895 0.498895
133 0.00888756 0.248888 0.498888
134 0.00888055 0.248881 0.498881
135 0.00887355 0.248874 0.498874
136 0.00886657 0.248867 0.498867
137 0.00885961 0.24886 0.49886
138 0.00885267 0.248853 0.498853
139 0.00884574 0.248846 0.498846
140 0.00883882 0.248839 0.498839
141 0.00883192 0.248832 0.498832
142 0.00882504 0.248825 0.498825
143 0.00881818 0.248818 0.498818
144 0.00881133 0.248811 0.498811
145 0.0088045 0.248804 0.498804
146 0.00879768 0.248798 0.498798
147 0.00879088 0.248791 0.498791
148 0.00878409 0.248784 0.498784
149 0.00877732 0.248777 0.498777
150 0.00877057 0.248771 0.498771
151 0.00876383 0.248764 0.498764
152 0.0087571 0.248757 0.498757
153 0.0087504 0.24875 0.49875
154 0.0087437 0.248744 0.498744
155 0.00873703 0.248737 0.498737
156 0.00873037 0.24873 0.49873
157 0.00872372 0.248724 0.498724
158 0.00871709 0.248717 0.498717
159 0.00871047 0.24871 0.49871
160 0.00870387 0.248704 0.498704
161 0.00869728 0.248697 0.498697
162 0.00869071 0.248691 0.498691
163 0.00868415 0.248684 0.498684
164 0.00867761 0.248678 0.498678
165 0.00867109 0.248671 0.498671
166 0.00866457 0.248665 0.498665
167 0.00865808 0.248658 0.498658
168 0.00865159 0.248652 0.498652
169 0.00864512 0.248645 0.498645
170 0.00863867 0.248639 0.498639
171 0.00863223 0.248632 0.498632
172 0.00862581 0.248626 0.498626
173 0.00861939 0.248619 0.498619
174 0.008613 0.248613 0.498613
175 0.00860662 0.248607 0.498607
176 0.00860025 0.2486 0.4986
177 0.00859389 0.248594 0.498594
178 0.00858755 0.248588 0.498588
179 0.00858123 0.248581 0.498581
180 0.00857491 0.248575 0.498575
181 0.00856862 0.248569 0.498569
182 0.00856233 0.248562 0.498562
183 0.00855606 0.248556 0.498556
184 0.0085498 0.24855 0.49855
185 0.00854356 0.248544 0.498544
186 0.00853733 0.248537 0.498537
187 0.00853112 0.248531 0.498531
188 0.00852491 0.248525 0.498525
189 0.00851873 0.248519 0.498519
190 0.00851255 0.248513 0.498513
191 0.00850639 0.248506 0.498506
192 0.00850024 0.2485 0.4985
193 0.0084941 0.248494 0.498494
194 0.00848798 0.248488 0.498488
195 0.00848187 0.248482 0.498482
196 0.00847578 0.248476 0.498476
197 0.0084697 0.24847 0.49847
198 0.00846363 0.248464 0.498464
199 0.00845757 0.248458 0.498458
200 0.00845153 0.248452 0.498452
201 0.0084455 0.248445 0.498445
202 0.00843948 0.248439 0.498439
203 0.00843347 0.248433 0.498433
204 0.00842748 0.248427 0.498427
205 0.0084215 0.248422 0.498422
206 0.00841554 0.248416 0.498416
207 0.00840958 0.24841 0.49841
208 0.00840364 0.248404 0.498404
209 0.00839771 0.248398 0.498398
210 0.0083918 0.248392 0.498392
211 0.00838589 0.248386 0.498386
212 0.00838 0.24838 0.49838
213 0.00837412 0.248374 0.498374
214 0.00836826 0.248368 0.498368
215 0.0083624 0.248362 0.498362
216 0.00835656 0.248357 0.498357
217 0.00835073 0.248351 0.498351
218 0.00834492 0.248345 0.498345
219 0.00833911 0.248339 0.498339
220 0.00833332 0.248333 0.498333
221 0.00832754 0.248328 0.498328
222 0.00832177 0.248322 0.498322
223 0.00831601 0.248316 0.498316
224 0.00831027 0.24831 0.49831
225 0.00830453 0.248305 0.498305
226 0.00829881 0.248299 0.498299
227 0.0082931 0.248293 0.498293
228 0.0082874 0.248287 0.498287
229 0.00828172 0.248282 0.498282
230 0.00827604 0.248276 0.498276
231 0.00827038 0.24827 0.49827
232 0.00826473 0.248265 0.498265
233 0.00825909 0.248259 0.498259
234 0.00825346 0.248253 0.498253
235 0.00824784 0.248248 0.498248
236 0.00824224 0.248242 0.498242
237 0.00823665 0.248237 0.498237
238 0.00823106 0.248231 0.498231
239 0.00822549 0.248225 0.498225
240 0.00821993 0.24822 0.49822
241 0.00821438 0.248214 0.498214
242 0.00820885 0.248209 0.498209
243 0.00820332 0.248203 0.498203
244 0.00819781 0.248198 0.498198
245 0.0081923 0.248192 0.498192
246 0.00818681 0.248187 0.498187
247 0.00818133 0.248181 0.498181
248 0.00817586 0.248176 0.498176
249 0.0081704 0.24817 0.49817
250 0.00816495 0.248165 0.498165
251 0.00815951 0.24816 0.49816
252 0.00815408 0.248154 0.498154
253 0.00814867 0.248149 0.498149
254 0.00814326 0.248143 0.498143
255 0.00813787 0.248138 0.498138
256 0.00813248 0.248132 0.498132
257 0.00812711 0.248127 0.498127
258 0.00812175 0.248122 0.498122
259 0.0081164 0.248116 0.498116
260 0.00811105 0.248111 0.498111
261 0.00810572 0.248106 0.498106
262 0.0081004 0.2481 0.4981
263 0.00809509 0.248095 0.498095
264 0.00808979 0.24809 0.49809
265 0.0080845 0.248085 0.498085
266 0.00807923 0.248079 0.498079
267 0.00807396 0.248074 0.498074
268 0.0080687 0.248069 0.498069
269 0.00806345 0.248063 0.498063
270 0.00805821 0.248058 0.498058
271 0.00805299 0.248053 0.498053
272 0.00804777 0.248048 0.498048
273 0.00804256 0.248043 0.498043
274 0.00803736 0.248037 0.498037
275 0.00803218 0.248032 0.498032
276 0.008027 0.248027 0.498027
277 0.00802183 0.248022 0.498022
278 0.00801668 0.248017 0.498017
279 0.00801153 0.248012 0.498012
280 0.00800639 0.248006 0.498006
281 0.00800126 0.248001 0.498001
282 0.00799615 0.247996 0.497996
283 0.00799104 0.247991 0.497991
284 0.00798594 0.247986 0.497986
285 0.00798085 0.247981 0.497981
286 0.00797577 0.247976 0.497976
287 0.0079707 0.247971 0.497971
288 0.00796565 0.247966 0.497966
289 0.0079606 0.247961 0.497961
290 0.00795556 0.247956 0.497956
291 0.00795053 0.247951 0.497951
292 0.0079455 0.247946 0.497946
293 0.00794049 0.24794 0.49794
294 0.00793549 0.247935 0.497935
295 0.0079305 0.24793 0.49793
296 0.00792552 0.247926 0.497926
297 0.00792054 0.247921 0.497921
298 0.00791558 0.247916 0.497916
299 0.00791062 0.247911 0.497911
300 0.00790568 0.247906 0.497906
301 0.00790074 0.247901 0.497901
302 0.00789581 0.247896 0.497896
303 0.0078909 0.247891 0.497891
304 0.00788599 0.247886 0.497886
305 0.00788109 0.247881 0.497881
306 0.0078762 0.247876 0.497876
307 0.00787131 0.247871 0.497871
308 0.00786644 0.247866 0.497866
309 0.00786158 0.247862 0.497862
310 0.00785672 0.247857 0.497857
311 0.00785188 0.247852 0.497852
312 0.00784704 0.247847 0.497847
313 0.00784222 0.247842 0.497842
314 0.0078374 0.247837 0.497837
315 0.00783259 0.247833 0.497833
316 0.00782779 0.247828 0.497828
317 0.00782299 0.247823 0.497823
318 0.00781821 0.247818 0.497818
319 0.00781344 0.247813 0.497813
320 0.00780867 0.247809 0.497809
321 0.00780391 0.247804 0.497804
322 0.00779917 0.247799 0.497799
323 0.00779443 0.247794 0.497794
324 0.00778969 0.24779 0.49779
325 0.00778497 0.247785 0.497785
326 0.00778026 0.24778 0.49778
327 0.00777555 0.247776 0.497776
328 0.00777086 0.247771 0.497771
329 0.00776617 0.247766 0.497766
330 0.00776149 0.247761 0.497761
331 0.00775682 0.247757 0.497757
332 0.00775215 0.247752 0.497752
333 0.0077475 0.247747 0.497747
334 0.00774285 0.247743 0.497743
335 0.00773821 0.247738 0.497738
336 0.00773358 0.247734 0.497734
337 0.00772896 0.247729 0.497729
338 0.00772435 0.247724 0.497724
339 0.00771975 0.24772 0.49772
340 0.00771515 0.247715 0.497715
341 0.00771056 0.247711 0.497711
342 0.00770598 0.247706 0.497706
343 0.00770141 0.247701 0.497701
344 0.00769685 0.247697 0.497697
345 0.00769229 0.247692 0.497692
346 0.00768774 0.247688 0.497688
347 0.0076832 0.247683 0.497683
348 0.00767867 0.247679 0.497679
349 0.00767415 0.247674 0.497674
350 0.00766963 0.24767 0.49767
351 0.00766512 0.247665 0.497665
352 0.00766062 0.247661 0.497661
353 0.00765613 0.247656 0.497656
354 0.00765165 0.247652 0.497652
355 0.00764717 0.247647 0.497647
356 0.00764271 0.247643 0.497643
357 0.00763824 0.247638 0.497638
358 0.00763379 0.247634 0.497634
359 0.00762935 0.247629 0.497629
360 0.00762491 0.247625 0.497625
361 0.00762048 0.24762 0.49762
362 0.00761606 0.247616 0.497616
363 0.00761165 0.247612 0.497612
364 0.00760724 0.247607 0.497607
365 0.00760284 0.247603 0.497603
366 0.00759845 0.247598 0.497598
367 0.00759407 0.247594 0.497594
368 0.00758969 0.24759 0.49759
369 0.00758532 0.247585 0.497585
370 0.00758096 0.247581 0.497581
371 0.00757661 0.247577 0.497577
372 0.00757226 0.247572 0.497572
373 0.00756793 0.247568 0.497568
374 0.00756359 0.247564 0.497564
375 0.00755927 0.247559 0.497559
376 0.00755496 0.247555 0.497555
377 0.00755065 0.247551 0.497551
378 0.00754635 0.247546 0.497546
379 0.00754205 0.247542 0.497542
380 0.00753777 0.247538 0.497538
381 0.00753349 0.247533 0.497533
382 0.00752921 0.247529 0.497529
383 0.00752495 0.247525 0.497525
384 0.00752069 0.247521 0.497521
385 0.00751644 0.247516 0.497516
386 0.0075122 0.247512 0.497512
387 0.00750796 0.247508 0.497508
388 0.00750373 0.247504 0.497504
389 0.00749951 0.2475 0.4975
390 0.0074953 0.247495 0.497495
391 0.00749109 0.247491 0.497491
392 0.00748689 0.247487 0.497487
393 0.0074827 0.247483 0.497483
394 0.00747851 0.247479 0.497479
395 0.00747433 0.247474 0.497474
396 0.00747016 0.24747 0.49747
397 0.007466 0.247466 0.497466
398 0.00746184 0.247462 0.497462
399 0.00745769 0.247458 0.497458
400 0.00745354 0.247454 0.497454
401 0.0074494 0.247449 0.497449
402 0.00744527 0.247445 0.497445
403 0.00744115 0.247441 0.497441
404 0.00743703 0.247437 0.497437
405 0.00743292 0.247433 0.497433
406 0.00742882 0.247429 0.497429
407 0.00742472 0.247425 0.497425
408 0.00742063 0.247421 0.497421
409 0.00741655 0.247417 0.497417
410 0.00741247 0.247412 0.497412
411 0.00740841 0.247408 0.497408
412 0.00740434 0.247404 0.497404
413 0.00740029 0.2474 0.4974
414 0.00739624 0.247396 0.497396
415 0.00739219 0.247392 0.497392
416 0.00738816 0.247388 0.497388
417 0.00738413 0.247384 0.497384
418 0.00738011 0.24738 0.49738
419 0.00737609 0.247376 0.497376
420 0.00737208 0.247372 0.497372
421 0.00736808 0.247368 0.497368
422 0.00736408 0.247364 0.497364
423 0.00736009 0.24736 0.49736
424 0.00735611 0.247356 0.497356
425 0.00735213 0.247352 0.497352
426 0.00734816 0.247348 0.497348
427 0.00734419 0.247344 0.497344
428 0.00734023 0.24734 0.49734
429 0.00733628 0.247336 0.497336
430 0.00733234 0.247332 0.497332
431 0.0073284 0.247328 0.497328
432 0.00732447 0.247324 0.497324
433 0.00732054 0.247321 0.497321
434 0.00731662 0.247317 0.497317
435 0.00731271 0.247313 0.497313
436 0.0073088 0.247309 0.497309
437 0.0073049 0.247305 0.497305
438 0.007301 0.247301 0.497301
439 0.00729711 0.247297 0.497297
440 0.00729323 0.247293 0.497293
441 0.00728935 0.247289 0.497289
442 0.00728548 0.247285 0.497285
443 0.00728162 0.247282 0.497282
444 0.00727776 0.247278 0.497278
445 0.00727391 0.247274 0.497274
446 0.00727007 0.24727 0.49727
447 0.00726623 0.247266 0.497266
448 0.00726239 0.247262 0.497262
449 0.00725857 0.247259 0.497259
450 0.00725474 0.247255 0.497255
451 0.00725093 0.247251 0.497251
452 0.00724712 0.247247 0.497247
453 0.00724332 0.247243 0.497243
454 0.00723952 0.24724 0.49724
455 0.00723573 0.247236 0.497236
456 0.00723194 0.247232 0.497232
457 0.00722816 0.247228 0.497228
458 0.00722439 0.247224 0.497224
459 0.00722062 0.247221 0.497221
460 0.00721686 0.247217 0.497217
461 0.0072131 0.247213 0.497213
462 0.00720935 0.247209 0.497209
463 0.00720561 0.247206 0.497206
464 0.00720187 0.247202 0.497202
465 0.00719814 0.247198 0.497198
466 0.00719441 0.247194 0.497194
467 0.00719069 0.247191 0.497191
468 0.00718698 0.247187 0.497187
469 0.00718327 0.247183 0.497183
470 0.00717956 0.24718 0.49718
471 0.00717587 0.247176 0.497176
472 0.00717217 0.247172 0.497172
473 0.00716849 0.247168 0.497168
474 0.00716481 0.247165 0.497165
475 0.00716113 0.247161 0.497161
476 0.00715746 0.247157 0.497157
477 0.0071538 0.247154 0.497154
478 0.00715014 0.24715 0.49715
479 0.00714649 0.247146 0.497146
480 0.00714284 0.247143 0.497143
481 0.0071392 0.247139 0.497139
482 0.00713556 0.247136 0.497136
483 0.00713193 0.247132 0.497132
484 0.00712831 0.247128 0.497128
485 0.00712469 0.247125 0.497125
486 0.00712107 0.247121 0.497121
487 0.00711746 0.247117 0.497117
488 0.00711386 0.247114 0.497114
489 0.00711026 0.24711 0.49711
490 0.00710667 0.247107 0.497107
491 0.00710309 0.247103 0.497103
492 0.0070995 0.2471 0.4971
493 0.00709593 0.247096 0.497096
494 0.00709236 0.247092 0.497092
495 0.00708879 0.247089 0.497089
496 0.00708523 0.247085 0.497085
497 0.00708168 0.247082 0.497082
498 0.00707813 0.247078 0.497078
499 0.00707459 0.247075 0.497075
