0 100 5 0 0 0 
1 97.3319 6.50413 0 1.1356 0.0283899 
2 93.9848 8.34545 0 2.60463 0.0651156 
3 89.8852 10.5265 0 4.47636 0.111909 
4 85.008 13.0047 0 6.81691 0.170423 
5 79.4011 15.6784 0 9.67854 0.241964 
6 73.2011 18.3847 0 13.087 0.327175 
7 66.6277 20.9166 0 17.0299 0.425748 
8 59.9537 23.0592 0 21.4508 0.536269 
9 53.4571 24.635 0 26.2516 0.65629 
10 47.3732 25.5395 0 31.3046 0.782616 
11 41.8643 25.7545 0 36.4695 0.911736 
12 37.0115 25.338 0 41.6103 1.04026 
13 32.827 24.3982 0 46.6095 1.16524 
14 29.2748 23.0661 0 51.3747 1.28437 
15 26.2914 21.472 0 55.8406 1.39601 
16 23.8023 19.7313 0 59.9673 1.49918 
17 21.7331 17.9376 0 63.7359 1.5934 
18 20.0152 16.162 0 67.1442 1.6786 
19 18.5885 14.4546 0 70.2018 1.75505 
20 17.402 12.8483 0 72.9266 1.82316 
21 16.4132 11.3621 0 75.3412 1.88353 
22 15.5873 10.0049 0 77.4711 1.93678 
23 14.8955 8.77834 0 79.3426 1.98357 
24 14.3146 7.6791 0 80.9818 2.02454 
25 13.8255 6.70059 0 82.4136 2.06034 
26 13.4128 5.83435 0 83.6613 2.09153 
27 13.0638 5.07097 0 84.7466 2.11866 
28 12.768 4.40078 0 85.689 2.14223 
29 12.5168 3.81423 0 86.5063 2.16266 
30 12.3032 3.30224 0 87.2142 2.18035 
31 12.1214 2.8563 0 87.8267 2.19567 
32 11.9663 2.46862 0 88.3562 2.2089 
33 11.8338 2.13211 0 88.8137 2.22034 
34 11.7207 1.84041 0 89.2087 2.23022 
35 11.6239 1.58783 0 89.5495 2.23874 
36 11.541 1.36933 0 89.8435 2.24609 
37 11.4701 1.18047 0 90.097 2.25243 
38 11.4093 1.01734 0 90.3155 2.25789 
39 11.3571 0.876517 0 90.5038 2.26259 
40 11.3124 0.755017 0 90.666 2.26665 
41 11.274 0.65023 0 90.8056 2.27014 
42 11.2411 0.559893 0 90.9259 2.27315 
43 11.2128 0.482036 0 91.0295 2.27574 
44 11.1885 0.414954 0 91.1186 2.27797 
45 11.1676 0.35717 0 91.1954 2.27988 
46 11.1496 0.307404 0 91.2614 2.28154 
47 11.1342 0.264551 0 91.3183 2.28296 
48 11.121 0.227657 0 91.3672 2.28418 
49 11.1096 0.195896 0 91.4093 2.28523 
50 11.0998 0.168558 0 91.4455 2.28614 
51 11.0914 0.145029 0 91.4767 2.28692 
52 11.0841 0.12478 0 91.5035 2.28759 
53 11.0779 0.107354 0 91.5266 2.28816 
54 11.0726 0.0923598 0 91.5464 2.28866 
55 11.068 0.0794578 0 91.5635 2.28909 
56 11.064 0.0683566 0 91.5782 2.28945 
57 11.0606 0.0588055 0 91.5908 2.28977 
58 11.0577 0.0505881 0 91.6017 2.29004 
59 11.0552 0.0435184 0 91.6111 2.29028 
60 11.053 0.0374363 0 91.6191 2.29048 
61 11.0511 0.0322039 0 91.626 2.29065 
62 11.0495 0.0277026 0 91.632 2.2908 
63 11.0482 0.0238303 0 91.6371 2.29093 
64 11.047 0.0204992 0 91.6415 2.29104 
65 11.0459 0.0176336 0 91.6453 2.29113 
66 11.0451 0.0151685 0 91.6486 2.29121 
67 11.0443 0.013048 0 91.6514 2.29128 
68 11.0437 0.0112239 0 91.6538 2.29134 
69 11.0431 0.00965477 0 91.6559 2.2914 
70 11.0426 0.00830499 0 91.6576 2.29144 
71 11.0422 0.0071439 0 91.6592 2.29148 
72 11.0419 0.00614512 0 91.6605 2.29151 
73 11.0416 0.00528597 0 91.6616 2.29154 
74 11.0413 0.00454694 0 91.6626 2.29156 
75 11.0411 0.00391122 0 91.6634 2.29159 
76 11.0409 0.00336439 0 91.6642 2.2916 
77 11.0407 0.002894 0 91.6648 2.29162 
78 11.0406 0.00248938 0 91.6653 2.29163 
79 11.0404 0.00214133 0 91.6658 2.29164 
80 11.0403 0.00184194 0 91.6662 2.29165 
81 11.0402 0.00158441 0 91.6665 2.29166 
82 11.0402 0.00136288 0 91.6668 2.29167 
83 11.0401 0.00117233 0 91.6671 2.29168 
84 11.04 0.00100842 0 91.6673 2.29168 
85 11.04 0.000867425 0 91.6675 2.29169 
86 11.0399 0.000746145 0 91.6676 2.29169 
87 11.0399 0.000641821 0 91.6678 2.29169 
88 11.0399 0.000552084 0 91.6679 2.2917 
89 11.0398 0.000474893 0 91.668 2.2917 
90 11.0398 0.000408495 0 91.6681 2.2917 
91 11.0398 0.00035138 0 91.6682 2.2917 
92 11.0398 0.000302251 0 91.6682 2.2917 
93 11.0398 0.000259991 0 91.6683 2.29171 
94 11.0398 0.00022364 0 91.6683 2.29171 
95 11.0397 0.000192371 0 91.6684 2.29171 
96 11.0397 0.000165474 0 91.6684 2.29171 
97 11.0397 0.000142338 0 91.6684 2.29171 
98 11.0397 0.000122437 0 91.6684 2.29171 
99 11.0397 0.000105318 0 91.6685 2.29171 
